0.6810755950705365
0.6840165323079961
0.6937901143815511
0.7022369094522061
0.7098405278487876
0.7160398720810939
0.7214630169144158
0.7255392204716046
0.7288325098963643
0.7311777611880996
0.7332363793720302
0.7346300585658371
0.7360532185615577
0.7370071047225195
0.7381117209442468
0.7388467326557407
0.7399255516834363
0.7405260372426233
0.7418092174469814
0.7424157801982724
0.7438633196710775
0.744411488037324
0.7458127682196587
0.746246550487916
0.7475118353462289
0.7478239932045629
0.7489340787407203
0.7493149211539423
0.7502970296045941
0.750579319100461
0.7514778654469398
0.7516612144426411
0.7524399583380439
0.7525453883852149
0.7532078539901759
0.7533091594505563
0.7539842933764069
0.754064752377743
0.7547421440552605
0.7548134230141984
0.7554589816696525
0.7553848612787438
0.7560778389362804
0.7560578473847251
0.756789226134984
0.7568249942305129
0.7576204045444883
0.7575770229098346
0.7584249100815983
0.7582815303242988
0.7591694718527654
0.758912909298936
0.7597158576337852
0.7594198904804583
0.7602085191850568
0.7598410117746367
0.7606239023703494
0.7602402533915015
0.7609509188633523
0.7605807986891945
0.7614358048001987
0.761084826189497
0.7621077348039137
0.761890218631136
0.7629742476982754
0.762912990966868
0.7640049586789568
0.7640077427963897
0.7651613403568386
0.7651375919724303
0.7663172963190603
0.7662371292568828
0.7673933522085687
0.7674006931695885
0.768588348674409
0.7685847927718671
0.7697302110855587
0.7696608238645767
0.7708336454300595
0.7707256247408284
0.7718597702091111
0.7717044072030782
0.7728204339280524
0.7724657479315276
0.7735463716198541
0.7731359774230614
0.7742163249696254
0.773647306211695
0.7747489714223935
0.7740313405612552
0.7751115699591242
0.7742256026916399
0.775301845188818
0.7742392417056905
0.7753097703428842
0.774110425594677
0.7752399022362005
0.7738386861143629
0.7750492611076876
0.7734189149408309
0.7746321818691385
0.7728111209791289
0.7740756325329831
0.772232426907549
0.7735631487622743
0.7716127665746846
0.7730680931626145
0.7709696215004879
0.7724858419376738
0.7703288103718083
0.7719317441007335
0.7697447848782588
0.7714006040115584
0.7691620315185334
0.7708962203408736
0.76857659554226
0.7703330250598298
0.7680649419095259
0.7698509777168927
0.7674811507796002
0.7693288130219377
0.7669647761005924
0.7688636387221229
0.7664081925149415
0.7684316164910255
0.7659215015021767
0.7680871315621406
0.7655178383158986
0.7677977455637939
0.7652453794846973
0.7675522966009984
0.765075784534386
0.7673077970465697
0.7649138651906277
0.7671328805285311
0.7648563909062555
0.7669622613265267
0.7650793282420664
0.7669820619926023
0.7653560963669044
0.7672066919332613
0.7657248451173146
0.7675128729689445
0.7661523729778982
0.7679552762721292
0.7666939789663847
0.7685181204770195
0.7672655633022872
0.7691084106321753
0.7679935783091714
0.7697702261670127
0.7686934093030583
0.7703997750932235
0.7694377264486496
0.7710494045582683
0.7700653073766951
0.7716058987675662
0.7705511276746999
0.7719874868758453
0.7708700189051636
0.7723237344493014
0.7711647033555044
0.7725181030313876
0.7713613512260495
0.7726319135181718
0.7715404457318144
0.7728085960336435
0.771720564215501
0.7730232595293215
0.7719665902676129
0.7731892613698812
0.7721066871535112
0.7733134050983587
0.7722156792877933
0.773454434052349
0.7723696096243552
0.7736492750230255
0.7724880872193227
0.7737974187542225
0.7727388830872288
0.7740721458685513
0.7729869986521483
0.7742743094625387
0.7734007701370953
0.7746237254930657
0.7738517223472035
0.7750871942332505
0.7744471510923019
0.7755812681631095
0.7750769266854017
0.7761394420544803
0.775677773747371
0.7767167953689907
0.7762789790279851
0.7772545543639805
0.7767760195705008
0.7776894425597677
0.7771296295557204
0.7780204548769638
0.7773607176112263
0.7781227443196932
0.7774496714472194
0.7781469939301445
0.7773652873138068
0.778089218027059
0.7772603589404653
0.7779772503594384
0.7771891286481655
0.7778464609876
0.7771298543281743
0.7777931048687142
0.7771275328345609
0.7778844309564172
0.7772697397060407
0.7779707637979508
0.7772993402823946
0.7779419999674398
0.777279920448814
0.7779038921461275
0.7772922813433768
0.7778817534684059
0.7773183155004332
0.7778761122060288
0.7773180952866364
0.7779996227273255
0.7773793689087799
0.7781226864782539
0.7775159859150892
0.77824700203258
0.7775660735837605
0.7783740548180643
0.7776624974842884
0.7785266415492742
0.777707493787112
0.7786587174990135
0.7777723235265042
0.7788795798276859
0.7777550292641903
0.7791332150232111
0.777870840283924
0.7794088589187793
0.7779607711086804
0.7795403801297884
0.7778520465659323
0.7795081841068715
0.7777266047383078
0.7793886185859094
0.77767481204858
0.779322338195033
0.7775807268542377
0.7792144348524119
0.7775106601980325
0.7791429177970054
0.7773583975136312
0.7790670879647383
0.7773523348769366
0.7791043390312032
0.7772645021957456
0.7791819723660577
0.7772086020547135
0.7792061343138659
0.7771765382568279
0.779267609086
0.7771535808893264
0.7792524589451165
0.7771765202508739
0.7792514337530019
0.7772831850631154
0.7793575067670099
0.777464263480443
0.779480533596487
0.7777429407304997
0.7797034610951667
0.7781554296804859
0.7799228531063378
0.7785547933188989
0.780185048758331
0.7789617678666323
0.7805318599457264
0.7794044255816435
0.7808956115451883
0.7798020086134642
0.7812473653215267
0.7801926899107673
0.7814998337479874
0.7804872005546407
0.7817208275188771
0.7807740131300693
0.7820008313536214
0.7810448839364079
0.7822072156312976
0.7812690864812653
0.7823529574895175
0.7814767751729218
0.7825713562330077
0.7817407847639432
0.7827923879327509
0.7820259344027949
0.7830268936639512
0.7822675665901228
0.7832812496802313
0.7825140790872034
0.7835431305776824
0.7828118931401508
0.7838134234937142
0.7830449716919867
0.7839418947963717
0.7832328756258754
0.7841257898207812
0.7834209231199682
0.7842706541637999
0.78351618882879
0.7844327883344248
0.783631358255225
0.7845451621464508
0.7837024504154191
0.7845676760757718
0.783734889346767
0.7846537844265121
0.7837505888111431
0.7847994941164799
0.7838591509011767
0.784947926512046
0.7840259386954931
0.785055526761897
0.7841461249065227
0.78514652444432
0.7841802863672174
0.7851693738988771
0.7841878653071124
0.7852222451453741
0.7842841275622203
0.7853668468063038
0.7844662941796641
0.7854845950685311
0.7845518879081308
0.7856358028051736
0.7846170999078644
0.7857542654640579
0.7847331596545755
0.7859245797176545
0.7848685937073108
0.7861669942970797
0.785075751994557
0.7864680859285065
0.7853815114512908
0.7868435722536842
0.7857564501218443
0.7872330156705606
0.786063460309971
0.7875140374607679
0.7862758867134675
0.7877206907881926
0.7864690845021447
0.7878231243583972
0.7865592340312964
0.7879177762796195
0.7865915784118835
0.7879301391679043
0.786615553990821
0.7879031186813057
0.7866620766761956
0.7878338570975831
0.7866523741106428
0.7878359538461026
0.7867260147631328
0.7878476433743182
0.7867631197010452
0.7878993059850711
0.7868035066727764
0.7878913829603985
0.7868574346472555
0.7879668893018096
0.7869016156254236
0.7880236365352898
0.7869713652938697
0.7880221242976084
0.7870900488430986
0.7880796805143877
0.787234507984432
0.7881921754936909
0.7873924037287282
0.7882131352213662
0.7874534465242141
0.7883037588636542
0.7874892304991166
0.7883045627288197
0.7875107881146174
0.7884258592170023
0.7875998834271759
0.7885254961250738
0.7876033955618467
0.7885462779729968
0.7875898049640088
0.7885586400813841
0.7875979462257185
0.788634065074983
0.7876130035009371
0.788669906778487
0.7876060834317388
0.788679096302734
0.787554834824735
0.7887114362749452
0.7875197353104263
0.7887046966826405
0.7874370542355137
0.788652545852868
0.7873877409780975
0.7885652078551351
0.7872750408616151
0.7884865173192241
0.7871458671163173
0.7884123479130577
0.7870814013722164
0.7883072287430216
0.7869969322395656
0.788259612019869
0.7868363084310409
0.7881105725903716
0.7866880197258144
0.788009787643512
0.786577492658991
0.7879596204381524
0.7864854671549313
0.7879034769865365
0.7863823862077104
0.7878085691360207
0.7862891246027952
0.7877190132284327
0.7862160997236624
0.7876808757058186
0.7861242192888843
0.7875944616722002
0.786048527768626
0.7875107542360951
0.7859799567386198
0.7875366346785937
0.785910673259566
0.7875242474664248
0.7859478283172501
0.7875563006531269
0.786036368747142
0.7876014245263825
0.7860368496006765
0.7875880979517157
0.7860231232222883
0.7875593724056605
0.7859567835341971
0.7874215032901549
0.7858702108286691
0.7873282902369518
0.7857540074540023
0.787287880597408
0.7857034786369207
0.7873223590582472
0.7857012712035163
0.7874138070976167
0.785642341772978
0.7873959166034674
0.785625418439733
0.7874586133333195
0.7856742295675604
0.7875235751666607
0.7857533492051477
0.7876984405377543
0.7859278765406971
0.787857388992758
0.7860771089640143
0.7880770097464286
0.7861623041969855
0.7882619456459782
0.7862317373178176
0.7883591682229286
0.7862141202428586
0.7885635012730885
0.7862540217236195
0.7886908454829877
0.7863227599255773
0.7887711316154697
0.7865076354869239
0.7888792414739404
0.7866875757114624
0.789025223218373
0.7867811610751702
0.7890574310054154
0.7868460774716801
0.789075111219105
0.7869181146923028
0.789156530156154
0.7870218179829157
0.7892545904699038
0.7871764121417041
0.7894160567968441
0.7872569295682748
0.7894870842292081
0.7873037343658554
0.7895178999566781
0.7873204906816276
0.7895700556296604
0.7873844171326838
0.7895813169944655
0.787360861534581
0.7895549018138716
0.7874232993512688
0.7895787427178039
0.7875041563414695
0.7896100613010649
0.7875907508970083
0.7896071634358256
0.7876461482824351
0.789719027276415
0.7877443287508444
0.7897745234310283
0.787857425183987
0.7897997523643216
0.7877586145254131
0.7897191285156244
0.7875792207394621
0.7896078292558654
0.7874259090856837
0.7894918753073413
0.7873182183883831
0.7894016201557308
0.7872573405966776
0.7892804474087004
0.7871090108038507
0.789144990379773
0.7870216104741516
0.7891075022255847
0.7870289663484553
0.7891018836147714
0.7870384320714392
0.7891071076005955
0.7870629981542527
0.7890726082945478
0.7870919643649045
0.7890656985880226
0.7871328010626918
0.789053440399289
0.787192476327103
0.7890481028947753
0.787237941966388
0.7891248180526619
0.7873553096801988
0.7891323327649739
0.7874687132306872
0.7891488310762823
0.7875540810447942
0.7890827551620738
0.7875758458673895
0.7890948390999547
0.7875431140090783
0.7890160445683237
0.7874189588881823
0.7888863863306592
0.7872656330467681
0.7887136768486634
0.7871289794584061
0.7886711450276347
0.7870960890513199
0.7886288989125478
0.78706884633324
0.7887132545938799
0.7871301433827093
0.7888085341786274
0.7872546867508151
0.7889053140058717
0.7873983379711992
0.7889744074090523
0.7875631730973144
0.7890644929036122
0.7876352887955199
0.7890874481003026
0.7877366423912427
0.7891556839148111
0.7877624368044199
0.7891700047548306
0.7877637276698557
0.7891351895359433
0.7877655236623846
0.7891051037697284
0.7876843950791003
0.7890616998616079
0.7875907973888248
0.7889399112029788
0.7875176307399905
0.7888407279918819
0.7874448928069089
0.7886951109529569
0.7872284796204417
0.7884488952040016
0.7870486379528925
0.7881358566039737
0.7867616247163915
0.7878685771098581
0.786527805996812
0.7875383522677069
0.786281345661697
0.7873128473599069
0.7861211616627128
0.7871547497836435
0.7860119051443297
0.7869751718784275
0.7859471639528791
0.7868602836626861
0.7859493794708836
0.786863657863729
0.7859853019452663
0.7867995953921423
0.7860005277265933
0.7868725177068961
0.7860877585738106
0.7869077454476414
0.7861046622177633
0.7869715349856785
0.7861851134860897
0.7869867050374116
0.7862623172462607
0.7869222223439689
0.7862893222932056
0.7868712295782586
0.7862082632011507
0.7868065966531267
0.7861534198939533
0.7867371617655079
0.7861216419061763
0.7867169776218716
0.7861165866423853
0.7866999502668233
0.7861276016113992
0.786685284911362
0.7860807143166105
0.786698113031747
0.7860593949927616
0.7867518862363654
0.7861096533119986
0.7869179339663632
0.7861999924692962
0.787030383339679
0.7862821979412618
0.7871709905352816
0.7863831396336577
0.7873046209773736
0.7865273535889109
0.787419127897035
0.7865923955295303
0.7876025551188612
0.7867335518492217
0.7878583525579191
0.7869158866262723
0.7880830596326089
0.787034211205227
0.7882609357328743
0.7872145909445508
0.7883752130002106
0.7873613476498523
0.7885437882397519
0.7874841241577117
0.7887860641772205
0.7876427831404053
0.7889900720968016
0.7877140618500147
0.7892197996535462
0.7878461162590478
0.789433201542423
0.7879910626625924
0.7896372456600302
0.7881646473307127
0.7898532400329591
0.7883554703766553
0.7900810858377978
0.7885418574067979
0.7902137464681904
0.7886534335370783
0.790450928651957
0.7888608876624684
0.7906839669844714
0.7890764448398632
0.7909629480163824
0.7894065731727962
0.7912276591126496
0.7896400430889843
0.7914858720530911
0.7898375386736002
0.7917137098010933
0.7901786565355473
0.7919981212897182
0.7905749945544137
0.7923245242486523
0.7908963858803569
0.7926814166152755
0.7912108407399839
0.7929659895787443
0.791363954265304
0.7932037018266792
0.791522954897637
0.7933945309244208
0.7917646684405356
0.7935992916731244
0.7920024728142085
0.793850955527731
0.7922267659566176
0.7941090071109348
0.7924069878423964
0.7942871868795814
0.7926534477402458
0.7945308969621578
0.7928815135794157
0.7947322306146332
0.7932063416940094
0.7950183634010047
0.7934745687110673
0.7952979784077758
0.7937892010702643
0.7956182667041081
0.7941218065306387
0.7959081432895528
0.794431282903841
0.7961802060540608
0.7946878276533234
0.7964797489536606
0.7950001602651839
0.7967262653880356
0.7952859106792758
0.7969983428298701
0.7955314223111777
0.7972689263451215
0.7957876106707881
0.7974971807890027
0.7961005374166378
0.797780958590549
0.7963590857019079
0.7980676001041733
0.7965803703720341
0.7982607123372981
0.7968440299003959
0.7985061895899463
0.7970784780534473
0.79868262457782
0.7973684350774295
0.7989195993882476
0.7976188576237354
0.7991598791890083
0.797930561006963
0.7993947925920978
0.7981916754798946
0.7996198727355192
0.7984759148338226
0.7998847871342866
0.7987744062248247
0.8001504262040599
0.7990403058957853
0.8004067683119668
0.7993127594935131
0.8006082714288566
0.7995814343905299
0.8008322239626355
0.7998185723411562
0.8010366948403004
0.800060739995265
0.8012396949654
0.8002698691533654
0.8013755471165996
0.8004393708169734
0.8015384613836972
0.8006318315944445
0.8017256938855877
0.8008227664624982
0.8019061415195909
0.8010314987660854
0.8020812559753528
0.8012132435777233
0.802261769470781
0.801425759340495
0.8024241458515532
0.801614380507289
0.8026036973723348
0.8017987885703323
0.8028276590685919
0.8019780741595409
0.8029919521704073
0.8021955989787317
0.8031608501150581
0.8024159532738449
0.8033585154124838
0.8026256469617805
0.8035439590633505
0.8028452358413669
0.8037119153974306
0.8030459815017832
0.8038766652452594
0.8032452939146012
0.8040699430304222
0.8034356956816474
0.8042618773264855
0.803642906410188
0.8044322553392089
0.8038266220747292
0.8046184476845237
0.804016139530334
0.8047715696727707
0.804168613272026
0.8049622232733501
0.8043329922406026
0.8051309453774093
0.8045020735455518
0.8053146353740309
0.8046636875156066
0.8054766794523706
0.8048429444519556
0.8056497492247903
0.8050529180073412
0.8058541712000782
0.8052400735179334
0.8060253166959792
0.8054412051967468
0.8062067308290364
0.805657710799327
0.806371439414172
0.8058420784336295
0.8065464979755338
0.8060083541505587
0.8066747282425859
0.8061568005750371
0.8068199361443769
0.8062931922565792
0.806951747310748
0.8064547425809514
0.8070748167722527
0.8065991623615022
0.8071999314057517
0.8067656482690224
0.8073393657684391
0.8069155672085472
0.8074966198996333
0.8070964900195573
0.8076362303998039
0.8072707221166657
0.8077884091038963
0.807430525730308
0.807957677413702
0.8075797122497179
0.8080891484308964
0.80773598446711
0.808225238943478
0.8078796760065955
0.8083516730450016
0.8080330708322077
0.8085243164562559
0.8082000185728843
0.8086798060952526
0.8083563153435775
0.8088427168966692
0.8084991164365655
0.8089737857825119
0.8086403036720663
0.8091060170172782
0.808780608397415
0.8092417323816061
0.8089139931815729
0.8093741553522515
0.809037165017693
0.8095028311182477
0.8091665330429596
0.809634727677058
0.8092982460033105
0.8097599005220791
0.8094234066436171
0.8098793230388531
0.8095562816973902
0.8100011261058402
0.8096848863610069
0.8101233702027444
0.8098000852645224
0.8102290545821891
0.8099164760536073
0.8103427704560858
0.8100341492718419
0.8104458910159363
0.8101259928243313
0.8105284451422391
0.8102391192896347
0.8106186194167421
0.8103184978666783
0.8106933165985151
0.8103981886930762
0.8107717493673516
0.8104984137911615
0.8108565828213576
0.8105852357813498
0.810936469752121
0.8106667893480415
0.8110180014445817
0.8107488602957025
0.811095649769562
0.8108302215206981
0.8111578423946325
0.8109057608141327
0.8112263639051017
0.8109872886244879
0.8112968802668787
0.8110454967900624
0.811356607647682
0.8111136444116583
0.8114159719505503
0.81116797204269
0.8114818238126219
0.8112264695367157
0.8115440355812655
0.8112923231547099
0.8116052802482132
0.8113692877083741
0.8116781216731135
0.8114295752284525
0.8117326912168599
0.8114719913284348
0.811771084495969
0.8115183455189517
0.8118105172118454
0.811564286681384
0.8118443316677137
0.8116171694387616
0.8118915315413824
0.8116626754932196
0.811930890957174
0.8117124247415437
0.8119743258383602
0.8117716951736285
0.812043106892096
0.8118393845563203
0.8120985939156755
0.8119016941723134
0.8121438457065615
0.8119442615168607
0.8121846443030584
0.8119991565276522
0.812221227087137
0.812041669511834
0.8122608443297602
0.8120757545479582
0.8122943652731215
0.8121054441828757
0.8123318671861934
0.8121430558336545
0.812371053261635
0.8121681490528685
0.8124099970748506
0.8122061196302471
0.8124519562946814
0.8122535580328996
0.8125004160401053
0.8123093448286964
0.81255570852519
0.8123639528877893
0.8125988493619878
0.8124226479092391
0.8126317550235282
0.8124572765342047
0.8126551266610977
0.8124880535264312
0.8126709050375869
0.8125117700560152
0.8126815543838148
0.8125304965900215
0.8126997472159255
0.8125553739046619
0.8127133889936353
0.8125754028764623
0.8127333592394671
0.8126029713488131
0.812747919112969
0.8126268416669282
0.8127633383755872
0.8126461494336321
0.8127741499807587
0.8126609723865662
0.8127891777453763
0.8126888406203873
0.812808657524839
0.8126928251588889
0.8128265839576885
0.8127198909297766
0.8128486484381133
0.8127425053992644
0.812866929382465
0.8127699046431511
0.8128947636402748
0.8127915852976393
0.8129094004993992
0.8128116663649703
0.8129237514431948
0.812822171879758
0.8129283909165702
0.8128354862308738
0.8129389636237582
0.8128502370834378
0.8129531527312744
0.8128648997233379
0.8129681346916756
0.8128779093131989
0.8159931202443651
0.81673064798438
0.8209059033642856
0.8249716361626255
0.8288689112725203
0.8322489669890378
0.8353387217100957
0.8380239708217718
0.8405087221883889
0.8427019397606785
0.8448493776317664
0.8467243794980761
0.8485966104195446
0.8503233664279715
0.8519423998233239
0.8534057317374976
0.8547933361158556
0.8560106389195908
0.8571249483656318
0.8581270372133265
0.859087580921401
0.859933959627927
0.8607656266859791
0.8615547597233201
0.8623373751101763
0.8631477643736704
0.863918968346224
0.8646921902415414
0.8654457566524789
0.8662221278638803
0.8669800110623721
0.8677506093121531
0.8685086465352455
0.8692548836888715
0.8700460982651081
0.8707930757327681
0.8715758600226516
0.8722672673916446
0.8730407060598687
0.8737068364581716
0.8744683758178413
0.8751093025828661
0.875827406995755
0.8764605869540494
0.8771946983078178
0.8777944289000201
0.8784896584019183
0.8790973823352115
0.8797604303952367
0.8803202326377227
0.8809550161965531
0.8814563097752632
0.88209630378877
0.8825596073957248
0.8831608601471281
0.8835710737018173
0.8841191189805802
0.8845206958017517
0.8850301507243417
0.8854283940415162
0.8858976490803551
0.8862828779831926
0.8867115937730617
0.8871025397458977
0.8875080691830608
0.8878932398963729
0.8882779059402542
0.8886274340405713
0.8889682369798526
0.8893337678395693
0.8896501939749321
0.8900086355210919
0.8903083472875113
0.8906357815882506
0.8909530229121299
0.8912574583376038
0.8915876687081751
0.891873894818382
0.8922021316774783
0.8924766932628978
0.8927998272412604
0.8930659985024423
0.8933892625245625
0.8936330798107572
0.8939486888870747
0.8941667101926482
0.8944429927188198
0.8946201865576145
0.8948906081672904
0.8950873209771815
