0.3189244049294636
0.3159834676920039
0.3062098856184487
0.2977630905477942
0.2901594721512124
0.28396012791890624
0.2785369830855843
0.27446077952839537
0.27116749010363544
0.26882223881190037
0.2667636206279698
0.2653699414341629
0.26394678143844236
0.26299289527748043
0.261888279055753
0.26115326734425925
0.26007444831656346
0.2594739627573769
0.25819078255301875
0.2575842198017277
0.25613668032892245
0.25558851196267607
0.2541872317803415
0.25375344951208406
0.25248816465377116
0.25217600679543745
0.2510659212592796
0.25068507884605773
0.24970297039540593
0.24942068089953864
0.24852213455306021
0.24833878555735883
0.2475600416619562
0.24745461161478513
0.24679214600982408
0.2466908405494436
0.246015706623593
0.245935247622257
0.2452578559447396
0.24518657698580162
0.2445410183303472
0.24461513872125593
0.2439221610637195
0.24394215261527488
0.24321077386501613
0.24317500576948728
0.2423795954555117
0.24242297709016536
0.24157508991840174
0.24171846967570118
0.24083052814723466
0.24108709070106363
0.2402841423662143
0.2405801095195416
0.23979148081494345
0.24015898822536327
0.23937609762965084
0.23975974660849825
0.23904908113664736
0.23941920131080532
0.2385641951998014
0.23891517381050315
0.2378922651960861
0.238109781368864
0.23702575230172468
0.23708700903313196
0.23599504132104313
0.2359922572036104
0.23483865964316128
0.23486240802756989
0.2336827036809397
0.23376287074311722
0.23260664779143145
0.23259930683041147
0.23141165132559122
0.231415207228133
0.23026978891444136
0.23033917613542335
0.22916635456994044
0.22927437525917177
0.22814022979088897
0.2282955927969218
0.22717956607194756
0.22753425206847241
0.22645362838014593
0.22686402257693858
0.2257836750303749
0.22635269378830508
0.22525102857760654
0.2259686594387447
0.22488843004087578
0.22577439730836021
0.224698154811182
0.22576075829430975
0.22469022965711583
0.2258895744053232
0.2247600977637996
0.22616131388563682
0.22495073889231235
0.22658108505916896
0.22536781813086149
0.22718887902087087
0.22592436746701716
0.227767573092451
0.22643685123772564
0.2283872334253156
0.22693190683738565
0.2290303784995122
0.22751415806232636
0.22967118962819166
0.22806825589926671
0.23025521512174107
0.22859939598844134
0.23083796848146668
0.22910377965912618
0.23142340445773998
0.22966697494017033
0.23193505809047404
0.23014902228310746
0.23251884922039967
0.23067118697806208
0.2330352238994076
0.23113636127787698
0.23359180748505845
0.23156838350897446
0.23407849849782317
0.23191286843785938
0.23448216168410146
0.23220225443620598
0.23475462051530263
0.23244770339900153
0.23492421546561398
0.2326922029534302
0.23508613480937218
0.23286711947146882
0.23514360909374418
0.23303773867347344
0.2349206717579334
0.2330179380073978
0.2346439036330955
0.23279330806673865
0.23427515488268547
0.23248712703105534
0.23384762702210188
0.23204472372787066
0.2333060210336153
0.23148187952298055
0.23273443669771304
0.2308915893678247
0.23200642169082836
0.23022977383298746
0.23130659069694165
0.22960022490677645
0.2305622735513502
0.22895059544173163
0.22993469262330504
0.22839410123243378
0.22944887232529995
0.22801251312415477
0.2291299810948366
0.22767626555069828
0.2288352966444956
0.2274818969686123
0.2286386487739504
0.22736808648182824
0.2284595542681856
0.2271914039663565
0.22827943578449902
0.22697674047067853
0.22803340973238684
0.22681073863011852
0.2278933128464885
0.2266865949016412
0.2277843207122065
0.22654556594765102
0.22763039037564473
0.2263507249769746
0.22751191278067734
0.22620258124577736
0.22726111691277118
0.22592785413144875
0.22701300134785177
0.22572569053746133
0.22659922986290473
0.2253762745069343
0.22614827765279666
0.22491280576674935
0.22555284890769822
0.2244187318368904
0.22492307331459846
0.22386055794551954
0.224322226252629
0.22328320463100898
0.22372102097201496
0.22274544563601978
0.22322398042949898
0.22231055744023231
0.22287037044427957
0.2219795451230363
0.22263928238877354
0.22187725568030683
0.22255032855278034
0.2218530060698558
0.22263471268619295
0.22191078197294098
0.22273964105953456
0.2220227496405614
0.22281087135183442
0.22215353901239965
0.22287014567182567
0.22220689513128586
0.22287246716543924
0.22211556904358265
0.2227302602939592
0.22202923620204926
0.22270065971760536
0.22205800003256043
0.222720079551186
0.2220961078538724
0.22270771865662353
0.22211824653159415
0.2226816844995667
0.22212388779397116
0.22268190471336374
0.22200037727267471
0.2226206310912202
0.22187731352174597
0.2224840140849108
0.22175299796741993
0.22243392641623924
0.22162594518193576
0.22233750251571163
0.2214733584507256
0.22229250621288824
0.22134128250098636
0.22222767647349614
0.22112042017231404
0.2222449707358097
0.2208667849767889
0.22212915971607633
0.22059114108122047
0.2220392288913195
0.2204596198702118
0.22214795343406765
0.2204918158931284
0.22227339526169215
0.22061138141409056
0.22232518795141984
0.22067766180496695
0.2224192731457623
0.22078556514758804
0.22248933980196722
0.2208570822029945
0.22264160248636877
0.22093291203526141
0.22264766512306378
0.2208956609687968
0.22273549780425442
0.22081802763394234
0.22279139794528632
0.22079386568613396
0.22282346174317216
0.22073239091399982
0.2228464191106738
0.22074754105488373
0.22282347974912592
0.2207485662469978
0.22271681493688444
0.22064249323299012
0.22253573651955694
0.2205194664035131
0.22225705926950048
0.22029653890483322
0.2218445703195142
0.22007714689366223
0.22144520668110124
0.21981495124166922
0.22103823213336773
0.21946814005427356
0.22059557441835662
0.21910438845481178
0.22019799138653565
0.21875263467847325
0.21980731008923277
0.21850016625201263
0.21951279944535926
0.21827917248112297
0.21922598686993078
0.21799916864637872
0.218955116063592
0.21779278436870247
0.21873091351873472
0.21764704251048256
0.21852322482707798
0.21742864376699217
0.21825921523605696
0.21720761206724923
0.21797406559720503
0.2169731063360487
0.2177324334098773
0.21671875031976873
0.21748592091279673
0.21645686942231757
0.21718810685984918
0.21618657650628584
0.21695502830801316
0.21605810520362834
0.21676712437412468
0.21587421017921887
0.2165790768800315
0.21572934583620018
0.21648381117120993
0.2155672116655753
0.21636864174477513
0.2154548378535492
0.21629754958458103
0.2154323239242282
0.21626511065323306
0.21534621557348807
0.21624941118885702
0.2152005058835201
0.21614084909882314
0.21505207348795405
0.21597406130450691
0.214944473238103
0.21585387509347725
0.21485347555567993
0.21581971363278266
0.21483062610112305
0.21581213469288765
0.21477775485462608
0.21571587243777984
0.2146331531936961
0.21553370582033604
0.2145154049314691
0.21544811209186907
0.2143641971948263
0.21538290009213565
0.21424573453594198
0.21526684034542448
0.21407542028234544
0.21513140629268923
0.21383300570292033
0.2149242480054429
0.21353191407149325
0.2146184885487093
0.21315642774631594
0.21424354987815564
0.21276698432943944
0.21393653969002915
0.21248596253923185
0.2137241132865325
0.2122793092118073
0.21353091549785547
0.21217687564160292
0.2134407659687036
0.21208222372038052
0.21340842158811646
0.21206986083209545
0.21338444600917916
0.21209688131869417
0.21333792332380425
0.21216614290241678
0.21334762588935735
0.21216404615389728
0.21327398523686725
0.21215235662568188
0.21323688029895482
0.21210069401492893
0.2131964933272232
0.2121086170396014
0.2131425653527443
0.21203311069819042
0.21309838437457626
0.21197636346471002
0.21302863470613023
0.21197787570239143
0.21290995115690128
0.21192031948561227
0.21276549201556816
0.21180782450630906
0.21260759627127182
0.2117868647786339
0.2125465534757858
0.21169624113634594
0.21251076950088355
0.2116954372711805
0.21248921188538264
0.21157414078299772
0.21240011657282412
0.21147450387492586
0.21239660443815325
0.21145372202700335
0.2124101950359913
0.211441359918616
0.21240205377428148
0.21136593492501685
0.2123869964990628
0.21133009322151303
0.21239391656826118
0.21132090369726586
0.21244516517526488
0.21128856372505506
0.21248026468957373
0.2112953033173595
0.21256294576448603
0.2113474541471319
0.21261225902190256
0.21143479214486477
0.21272495913838482
0.21151348268077583
0.21285413288368274
0.21158765208694222
0.21291859862778367
0.21169277125697847
0.2130030677604342
0.2117403879801311
0.21316369156895906
0.21188942740962824
0.21331198027418566
0.21199021235648816
0.21342250734100907
0.21204037956184776
0.21351453284506855
0.21209652301346343
0.21361761379228955
0.21219143086397935
0.21371087539720468
0.21228098677156712
0.21378390027633756
0.2123191242941814
0.21387578071111568
0.2124055383277997
0.21395147223137398
0.2124892457639049
0.2140200432613804
0.21246336532140636
0.2140893267404341
0.21247575253357504
0.2140521716827499
0.21244369934687318
0.21396363125285775
0.21239857547361757
0.21396315039932334
0.21241190204828433
0.2139768767777117
0.21244062759433954
0.21404321646580302
0.21257849670984524
0.21412978917133085
0.21267170976304833
0.21424599254599752
0.21271211940259216
0.21429652136307914
0.2126776409417527
0.2142987287964837
0.21258619290238331
0.21435765822702185
0.2126040833965326
0.21437458156026698
0.21254138666668068
0.21432577043243953
0.21247642483333945
0.2142466507948522
0.2123015594622459
0.21407212345930296
0.21214261100724202
0.21392289103598566
0.21192299025357172
0.21383769580301445
0.21173805435402188
0.2137682626821823
0.21164083177707133
0.21378587975714153
0.21143649872691156
0.2137459782763806
0.21130915451701238
0.21367724007442268
0.21122886838453006
0.213492364513076
0.21112075852605958
0.2133124242885378
0.21097477678162707
0.21321883892482985
0.2109425689945846
0.21315392252831994
0.2109248887808948
0.21308188530769726
0.21084346984384608
0.21297818201708438
0.2107454095300962
0.21282358785829572
0.21058394320315563
0.2127430704317253
0.21051291577079165
0.21269626563414448
0.21048210004332207
0.21267950931837243
0.21042994437033963
0.21261558286731638
0.2104186830055344
0.21263913846541904
0.2104450981861283
0.21257670064873127
0.21042125728219596
0.21249584365853036
0.2103899386989353
0.2124092491029917
0.21039283656417454
0.21235385171756493
0.2102809727235852
0.21225567124915554
0.2102254765689716
0.21214257481601298
0.21020024763567838
0.212241385474587
0.2102808714843757
0.21242077926053796
0.21039217074413444
0.21257409091431634
0.21050812469265873
0.21268178161161694
0.2105983798442691
0.21274265940332238
0.21071955259129965
0.21289098919614957
0.21085500962022713
0.21297838952584847
0.2108924977744153
0.21297103365154463
0.2108981163852286
0.2129615679285611
0.2108928923994045
0.21293700184574743
0.2109273917054523
0.21290803563509558
0.2109343014119775
0.21286719893730824
0.21094655960071104
0.21280752367289707
0.21095189710522458
0.21276205803361223
0.21087518194733804
0.21264469031980127
0.21086766723502645
0.2125312867693128
0.2108511689237178
0.21244591895520573
0.2109172448379262
0.21242415413261045
0.21090516090004527
0.21245688599092172
0.2109839554316763
0.21258104111181772
0.21111361366934095
0.21273436695323178
0.2112863231513364
0.2128710205415938
0.21132885497236537
0.2129039109486801
0.21137110108745247
0.21293115366675994
0.21128674540612014
0.21286985661729088
0.21119146582137271
0.21274531324918494
0.21109468599412842
0.21260166202880082
0.21102559259094758
0.2124368269026854
0.21093550709638786
0.21236471120448014
0.2109125518996975
0.21226335760875717
0.21084431608518892
0.21223756319558013
0.21082999524516946
0.21223627233014414
0.21086481046405664
0.21223447633761527
0.2108948962302716
0.2123156049208998
0.21093830013839213
0.21240920261117524
0.21106008879702126
0.21248236926000968
0.21115927200811804
0.21255510719309115
0.2113048890470433
0.21277152037955818
0.21155110479599828
0.2129513620471075
0.21186414339602647
0.21323837528360856
0.21213142289014184
0.21347219400318784
0.2124616477322932
0.2137186543383029
0.2126871526400933
0.21387883833728716
0.21284525021635628
0.21398809485567044
0.21302482812157242
0.2140528360471208
0.21313971633731382
0.21405062052911625
0.21313634213627108
0.21401469805473375
0.21320040460785755
0.21399947227340654
0.21312748229310385
0.21391224142618925
0.21309225455235853
0.21389533778223685
0.2130284650143215
0.2138148865139103
0.21301329496258825
0.21373768275373922
0.21307777765603111
0.21371067770679453
0.2131287704217415
0.21379173679884925
0.21319340334687317
0.21384658010604668
0.2132628382344921
0.21387835809382366
0.21328302237812843
0.21388341335761485
0.21330004973317687
0.2138723983886008
0.21331471508863792
0.21391928568338936
0.2133018869682533
0.21394060500723866
0.21324811376363442
0.21389034668800128
0.21308206603363705
0.21380000753070377
0.21296961666032097
0.2137178020587383
0.2128290094647185
0.21361686036634245
0.2126953790226262
0.2134726464110891
0.212580872102965
0.21340760447046964
0.2123974448811388
0.2132664481507782
0.21214164744208053
0.2130841133737276
0.21191694036739112
0.212965788794773
0.21173906426712574
0.21278540905544893
0.21162478699978934
0.21263865235014806
0.21145621176024793
0.21251587584228832
0.2112139358227795
0.21235721685959483
0.21100992790319836
0.21228593814998525
0.2107802003464535
0.21215388374095218
0.21056679845757684
0.2120089373374076
0.2103627543399697
0.2118353526692873
0.2101467599670408
0.2116445296233448
0.20991891416220226
0.21145814259320175
0.20978625353180955
0.2113465664629218
0.20954907134804288
0.21113911233753138
0.20931603301552873
0.21092355516013686
0.20903705198361758
0.21059342682720394
0.20877234088735042
0.21035995691101592
0.20851412794690888
0.21016246132639974
0.2082862901989067
0.2098213434644528
0.2080018787102819
0.2094250054455862
0.20767547575134762
0.2091036141196431
0.20731858338472464
0.20878915926001604
0.2070340104212556
0.20863604573469585
0.2067962981733207
0.20847704510236298
0.20660546907557906
0.2082353315594646
0.20640070832687563
0.20799752718579154
0.20614904447226928
0.20777323404338235
0.20589099288906498
0.20759301215760387
0.2057128131204185
0.20734655225975426
0.20546910303784194
0.20711848642058436
0.20526776938536664
0.2067936583059905
0.20498163659899538
0.2065254312889328
0.204702021592224
0.20621079892973568
0.20438173329589193
0.20587819346936123
0.20409185671044708
0.2055687170961589
0.20381979394593916
0.2053121723466767
0.2035202510463394
0.20499983973481614
0.20327373461196457
0.20471408932072435
0.20300165717012997
0.2044685776888222
0.2027310736548787
0.204212389329212
0.2025028192109972
0.20389946258336217
0.20221904140945096
0.20364091429809195
0.20193239989582684
0.20341962962796578
0.20173928766270177
0.2031559700996042
0.20149381041005363
0.20292152194655277
0.20131737542218006
0.20263156492257053
0.20108040061175214
0.20238114237626453
0.2008401208109918
0.20206943899303698
0.20060520740790247
0.20180832452010544
0.20038012726448087
0.20152408516617717
0.20011521286571332
0.2012255937751756
0.1998495737959402
0.20095969410421463
0.1995932316880333
0.20068724050648684
0.1993917285711434
0.20041856560947013
0.19916777603736457
0.20018142765884378
0.1989633051596995
0.19993926000473525
0.1987603050345999
0.1997301308466348
0.19862445288340033
0.19956062918302664
0.19846153861630256
0.19936816840555538
0.1982743061144124
0.19917723353750197
0.19809385848040906
0.19896850123391463
0.19791874402464732
0.1987867564222768
0.19773823052921913
0.19857424065950477
0.19757585414844683
0.19838561949271089
0.19739630262766522
0.19820121142966773
0.19717234093140806
0.19802192584045925
0.19700804782959286
0.19780440102126853
0.19683914988494183
0.19758404672615512
0.19664148458751626
0.1973743530382195
0.19645604093664934
0.19715476415863326
0.19628808460256958
0.1969540184982168
0.19612333475474064
0.19675470608539886
0.1959300569695778
0.19656430431835262
0.19573812267351462
0.19635709358981204
0.19556774466079116
0.19617337792527098
0.19538155231547644
0.19598386046966604
0.19522843032722922
0.19583138672797396
0.1950377767266498
0.1956670077593974
0.1948690546225906
0.1954979264544482
0.1946853646259691
0.19533631248439365
0.19452332054762927
0.19515705554804433
0.19435025077520968
0.19494708199265887
0.19414582879992162
0.19475992648206691
0.1939746833040207
0.1945587948032533
0.19379326917096365
0.19434228920067298
0.19362856058582784
0.19415792156637035
0.19345350202446637
0.19399164584944126
0.19332527175741407
0.19384319942496275
0.19318006385562314
0.19370680774342078
0.19304825268925216
0.19354525741904866
0.19292518322774727
0.1934008376384979
0.1928000685942485
0.19323435173097753
0.19266063423156074
0.19308443279145265
0.19250338010036666
0.19290350998044284
0.19236376960019608
0.19272927788333455
0.19221159089610387
0.19256947426969165
0.19204232258629816
0.19242028775028194
0.1919108515691036
0.19226401553288983
0.19177476105652205
0.19212032399340445
0.1916483269549986
0.19196692916779257
0.1914756835437441
0.19179998142711582
0.19132019390474728
0.1916436846564225
0.1911572831033306
0.19150088356343442
0.19102621421748817
0.19135969632793373
0.19089398298272187
0.1912193916025848
0.1907582676183939
0.19108600681842702
0.19062584464774837
0.19096283498230707
0.1904971688817523
0.1908334669570404
0.1903652723229418
0.19070175399668965
0.19024009947792084
0.190576593356383
0.19012067696114696
0.1904437183026098
0.1899988738941598
0.19031511363899292
0.18987662979725564
0.19019991473547768
0.18977094541781098
0.19008352394639255
0.18965722954391398
0.18996585072815816
0.18955410898406366
0.1898740071756687
0.18947155485776096
0.18976088071036537
0.18938138058325807
0.18968150213332155
0.18930668340148496
0.18960181130692363
0.1892282506326484
0.18950158620883853
0.1891434171786425
0.18941476421865036
0.18906353024787917
0.18933321065195882
0.18898199855541836
0.18925113970429772
0.18890435023043775
0.1891697784793019
0.18884215760536763
0.18909423918586746
0.18877363609489847
0.18901271137551237
0.18870311973312168
0.1889545032099376
0.18864339235231817
0.18888635558834166
0.18858402804944963
0.18883202795730997
0.188518176187378
0.18877353046328402
0.1884559644187344
0.18870767684529002
0.1883947197517867
0.18863071229162598
0.18832187832688646
0.1885704247715475
0.1882673087831402
0.18852800867156524
0.18822891550403087
0.1884816544810482
0.18818948278815484
0.18843571331861592
0.18815566833228622
0.1883828305612385
0.18810846845861762
0.1883373245067805
0.18806910904282598
0.18828757525845627
0.18802567416163982
0.18822830482637135
0.187956893107904
0.18816061544368007
0.1879014060843244
0.18809830582768658
0.18785615429343827
0.18805573848313925
0.18781535569694158
0.1880008434723478
0.1877787729128629
0.18795833048816615
0.1877391556702396
0.18792424545204167
0.18770563472687832
0.18789455581712433
0.1876681328138065
0.18785694416634557
0.18762894673836475
0.18783185094713153
0.18759000292514943
0.18779388036975297
0.18754804370531855
0.18774644196710044
0.18749958395989502
0.18769065517130362
0.18744429147481
0.1876360471122104
0.187401150638012
0.18757735209076082
0.1873682449764718
0.18754272346579526
0.18734487333890246
0.18751194647356906
0.18732909496241312
0.18748822994398492
0.1873184456161854
0.1874695034099785
0.18730025278407472
0.18744462609533794
0.1872866110063648
0.18742459712353782
0.18726664076053273
0.1873970286511869
0.18725208088703119
0.18737315833307183
0.18723666162441283
0.187353850566368
0.18722585001924122
0.18733902761343338
0.18721082225462388
0.18731115937961273
0.187191342475161
0.1873071748411111
0.18717341604231139
0.18728010907022352
0.18715135156188656
0.1872574946007355
0.18713307061753498
0.18723009535684873
0.18710523635972504
0.18720841470236063
0.18709059950060075
0.18718833363502985
0.18707624855680516
0.187177828120242
0.18707160908342968
0.1871645137691262
0.18706103637624166
0.18714976291656213
0.18704684726872547
0.18713510027666205
0.1870318653083246
0.18712209068680113
0.18400687975563473
0.18326935201561986
0.17909409663571427
0.1750283638373744
0.1711310887274797
0.167751033010962
0.1646612782899042
0.16197602917822804
0.1594912778116111
0.15729806023932136
0.15515062236823363
0.1532756205019239
0.1514033895804554
0.14967663357202837
0.14805760017667605
0.14659426826250235
0.1452066638841444
0.14398936108040913
0.14287505163436837
0.14187296278667363
0.14091241907859897
0.140066040372073
0.13923437331402072
0.13844524027667993
0.13766262488982375
0.13685223562632964
0.1360810316537763
0.13530780975845835
0.13455424334752109
0.13377787213611975
0.1330199889376278
0.132249390687847
0.1314913534647545
0.13074511631112842
0.12995390173489188
0.1292069242672321
0.1284241399773482
0.1277327326083555
0.12695929394013125
0.12629316354182843
0.1255316241821586
0.12489069741713367
0.12417259300424494
0.12353941304595038
0.1228053016921821
0.12220557109997986
0.12151034159808155
0.12090261766478855
0.12023956960476324
0.11967976736227726
0.11904498380344691
0.11854369022473671
0.11790369621123012
0.1174403926042752
0.11683913985287192
0.11642892629818266
0.11588088101941976
0.11547930419824831
0.11496984927565841
0.11457160595848388
0.11410235091964502
0.1137171220168074
0.11328840622693823
0.11289746025410234
0.1124919308169391
0.11210676010362693
0.11172209405974586
0.11137256595942842
0.11103176302014738
0.11066623216043066
0.11034980602506787
0.10999136447890799
0.10969165271248878
0.10936421841174938
0.10904697708787033
0.10874254166239626
0.10841233129182501
0.10812610518161794
0.10779786832252172
0.10752330673710221
0.10720017275873976
0.10693400149755776
0.10661073747543762
0.10636692018924282
0.10605131111292523
0.10583328980735185
0.10555700728118039
0.10537981344238553
0.10510939183270955
0.10491267902281859
